1
3
4
5
6
7
8
9
10
11
13
14
16
17
18
19
20
21
22
23
24
25
26
27
28
29
30
31
32
33
34
35
36
37
38
39
40
41
42
43
44
45
46
47
48
49
50
51
52
53
54
55
56
57
58
59
60
61
62
63
64
65
66
67
68
69
70
71
72
73
74
75
76
77
78
79
83
84
85
86
87
89
90
91
93
96
100
102
103
104
105
106
107
108
109
110
112
113
114
115
116
117
118
119
121
124
126
128
129
130
132
133
134
135
137
138
139
140
142
143
145
146
147
148
149
150
151
152
153
154
155
156
157
158
159
160
161
162
163
165
167
168
170
171
174
175
177
178
180
181
183
184
185
187
190
193
194
196
202
203
204
206
207
209
210
212
214
215
216
217
218
219
222
223
226
227
228
230
231
232
233
235
236
237
238
239
241
243
245
246
247
248
249
250
252
253
254
255
256
257
258
259
260
262
263
264
265
266
267
271
272
273
274
275
276
277
279
280
281
285
287
290
292
293
294
296
300
301
303
305
306
308
309
311
312
314
315
316
317
318
319
320
331
332
333
334
337
338
339
340
348
349
350
351
352
353
354
355
356
357
358
361
363
365
366
367
368
369
370
371
372
373
374
375
376
377
378
379
380
381
382
383
384
388
389
390
391
394
395
396
397
399
400
401
402
403
404
405
406
407
408
409
410
411
412
413
414
415
416
417
418
419
420
421
422
423
424
425
426
427
429
430
431
432
433
434
435
436
437
438
439
440
441
442
445
446
447
448
449
450
451
452
453
454
455
456
457
458
459
460
461
462
463
464
465
466
467
468
469
470
471
472
473
474
475
476
477
478
480
481
482
483
484
486
487
488
493
494
495
496
497
498
499
500
505
506
507
508
510
511
517
518
519
520
523
532
538
540
544
545
